101987 101267 9775365428 11010000001111001000
92051 94651 3441665394 10010010000100110110
100019 94903 942315396 10100111100011100111
99023 92479 3466465879 01111000011000111101
101603 99871 8446011652 10111001000000000000
95747 95327 8978530064 11010000110111010111
90059 91199 5538085341 11011101111000111001
99439 98327 671410783 10111110100000010011
96263 98479 3928629409 01011110010001001001
99971 98143 978847044 10011100011011001101
93503 97007 432159239 01101010010011011001
101839 98867 901439779 10110110111111110111
93151 94483 7764435203 10010100111100010011
92779 90127 5978393092 10001100110111000010
95891 90007 102131499 11010111001111111000
93763 90011 6737479610 00010100110100110110
100847 96331 1439738115 11000111110111010001
98207 90679 8611143873 01001110000001100000
98899 101531 8137015367 01101001111001011111
93131 90247 438845908 10101000101000000100